-9.00681170
 -1.14301691
 -1.38535265
 -1.50652052
 -1.02184904
 -5.37177559
 -1.50652052
 -1.02184904
 -1.74885626
 -1.14301691
 -5.37177559
 -1.26418478
 -1.26418478
 -1.87002413
 -5.25060772
 -1.73673948
 -5.37177559
 -9.00681170
 -1.73673948
 -9.00681170
 -5.37177559
 -9.00681170
 -1.50652052
 -9.00681170
 -1.26418478
 -1.02184904
 -1.02184904
 -7.79513300
 -7.79513300
 -1.38535265
 -1.26418478
 -5.37177559
 -7.79513300
 -4.16009689
 -1.14301691
 -1.02184904
 -4.16009689
 -1.14301691
 -1.74885626
 -9.00681170
 -1.02184904
 -1.62768839
 -1.74885626
 -1.02184904
 -9.00681170
 -1.26418478
 -9.00681170
 -1.50652052
 -6.58345429
 -1.02184904
  1.40150837
  6.74501145
  1.28034050
 -4.16009689
  7.95669016
 -1.73673948
  5.53333275
 -1.14301691
  9.16836886
 -7.79513300
 -1.02184904
  6.86617933
  1.89829664
  3.10997534
 -2.94841818
  1.03800476
 -2.94841818
 -5.25060772
  4.32165405
 -2.94841818
  6.86617933
  3.10997534
  5.53333275
  3.10997534
  6.74501145
  9.16836886
  1.15917263
  1.03800476
  1.89829664
 -1.73673948
 -4.16009689
 -4.16009689
 -5.25060772
  1.89829664
 -5.37177559
  1.89829664
  1.03800476
  5.53333275
 -2.94841818
 -4.16009689
 -4.16009689
  3.10997534
 -5.25060772
 -1.02184904
 -2.94841818
 -1.73673948
 -1.73673948
  4.32165405
 -9.00681170
 -1.73673948
  5.53333275
 -5.25060772
  1.52267624
  5.53333275
  7.95669016
  2.12851559
 -1.14301691
  1.76501198
  1.03800476
  1.64384411
  7.95669016
  6.74501145
  1.15917263
 -1.73673948
 -5.25060772
  6.74501145
  7.95669016
  2.24968346
  2.24968346
  1.89829664
  1.28034050
 -2.94841818
  2.24968346
  5.53333275
  1.03800476
  1.64384411
  4.32165405
  3.10997534
  6.74501145
  1.64384411
  1.88617985
  2.49201920
  6.74501145
  5.53333275
  3.10997534
  2.24968346
  5.53333275
  6.74501145
  1.89829664
  1.28034050
  1.03800476
  1.28034050
 -5.25060772
  1.15917263
  1.03800476
  1.03800476
  5.53333275
  7.95669016
  4.32165405
  6.86617933