-0.90068117 
-1.14301691 
-1.38535265 
-1.50652052 
-1.02184904 
-0.53717756
-1.50652052 
-1.02184904 
-1.74885626 
-1.14301691 
-0.53717756 
-1.26418478
-1.26418478 
-1.87002413 
-0.05250608 
-0.17367395 
-0.53717756 
-0.90068117
-0.17367395 
-0.90068117 
-0.53717756 
-0.90068117 
-1.50652052 
-0.90068117
-1.26418478 
-1.02184904 
-1.02184904 
-0.7795133  
-0.7795133  
-1.38535265
-1.26418478 
-0.53717756 
-0.7795133  
-0.41600969 
-1.14301691 
-1.02184904
-0.41600969 
-1.14301691 
-1.74885626 
-0.90068117 
-1.02184904 
-1.62768839
-1.74885626 
-1.02184904 
-0.90068117 
-1.26418478 
-0.90068117 
-1.50652052
-0.65834543 
-1.02184904  
1.40150837  
0.67450115  
1.2803405  
-0.41600969
0.79566902 
-0.17367395  
0.55333328 
-1.14301691  
0.91683689 
-0.7795133
-1.02184904  
0.06866179  
0.18982966  
0.31099753 
-0.29484182  
1.03800476
-0.29484182 
-0.05250608  
0.4321654  
-0.29484182  
0.06866179  
0.31099753
0.55333328  
0.31099753  
0.67450115  
0.91683689  
1.15917263  
1.03800476
0.18982966 
-0.17367395 
-0.41600969 
-0.41600969 
-0.05250608  
0.18982966
-0.53717756  
0.18982966  
1.03800476  
0.55333328 
-0.29484182 
-0.41600969
-0.41600969  
0.31099753 
-0.05250608 
-1.02184904 
-0.29484182 
-0.17367395
-0.17367395  
0.4321654  
-0.90068117 
-0.17367395  
0.55333328 
-0.05250608
1.52267624  
0.55333328  
0.79566902  
2.12851559 
-1.14301691  
1.76501198
1.03800476  
1.64384411  
0.79566902  
0.67450115  
1.15917263 
-0.17367395
-0.05250608  
0.67450115  
0.79566902  
2.24968346  
2.24968346  
0.18982966
1.2803405  
-0.29484182  
2.24968346  
0.55333328  
1.03800476  
1.64384411
0.4321654   
0.31099753  
0.67450115  
1.64384411  
1.88617985  
2.4920192
0.67450115  
0.55333328  
0.31099753  
2.24968346  
0.55333328  
0.67450115
0.18982966  
1.2803405   
1.03800476  
1.2803405  
-0.05250608  
1.15917263
1.03800476  
1.03800476  
0.55333328  
0.79566902  
0.4321654   
0.06866179